0 0.6891025641025641 0.04271961492178099 0.10576923076923077 0.02045728038507822
0 0.563301282051282 0.18592057761732853 0.14583333333333334 0.015643802647412757
0 0.4206730769230769 0.10770156438026474 0.1362179487179487 0.015643802647412757
0 0.4166666666666667 0.20517448856799037 0.14102564102564102 0.018050541516245487
0 0.328525641025641 0.24488567990373045 0.11858974358974358 0.018050541516245487
0 0.23717948717948717 0.25511432009626955 0.1282051282051282 0.019253910950661854
0 0.24599358974358973 0.14259927797833935 0.1362179487179487 0.013237063778580024
0 0.10336538461538461 0.12755716004813478 0.1233974358974359 0.036101083032490974
0 0.10016025641025642 0.18050541516245489 0.09455128205128205 0.01444043321299639
0 0.05929487179487179 0.06257521058965103 0.09294871794871795 0.01684717208182912
