0 0.8637820512820513 0.3104693140794224 0.09615384615384616 0.01684717208182912
0 0.8910256410256411 0.2888086642599278 0.0641025641025641 0.01444043321299639
0 0.7932692307692307 0.3417569193742479 0.125 0.026474127557160047
0 0.7644230769230769 0.20397111913357402 0.08012820512820513 0.018050541516245487
0 0.7163461538461539 0.3104693140794224 0.11217948717948718 0.04332129963898917
0 0.6362179487179487 0.21359807460890493 0.04807692307692308 0.010830324909747292
0 0.6586538461538461 0.2851985559566787 0.125 0.026474127557160047
0 0.5873397435897436 0.2683513838748496 0.1201923076923077 0.03850782190132371
0 0.4823717948717949 0.24007220216606498 0.11858974358974358 0.027677496991576414
0 0.6546474358974359 0.36161251504211794 0.1233974358974359 0.039711191335740074
